;ＭＳ９３マップ
(29,20) ; マップの全体サイズ(Ｘ: 0〜28, Ｙ: 0〜19)
;-< 0>-< 1>-< 2>-< 3>-< 4>-< 5>-< 6>-< 7>-< 8>-< 9>-<10>-<11>-<12>-<13>-<14>-<15>-<16>-<17>-<18>-<19>-<20>-<21>-<22>-<23>-<24>-<25>-<26>-<27>-<28>
    1,   1,   1,  90,  90,  90,   1,   1,   1,  90,  90,  90,  90,   1,   1,   1,  90,  90,  90,  90,   1,   1,   1,  90,  90,  90,   1,   1,   1,   ; 0
    1,   1,   1,  90,  90,  90,   1,   1,   1,   1,   1,   1,  90,   1,   1,   1,  90,   1,   1,   1,   1,   1,   1,  90,  90,  90,   1,   1,   1,   ; 1
    1,   1,   1,   1,   1,   1,   1,   1,   1,   1,   1,   1,  90,  90,   1,  90,  90,   1,   1,   1,   1,   1,   1,   1,   1,   1,   1,   1,   1,   ; 2
    1,   1,   1,   1,   1,   1,   1,   1,   1,   1,   1,   1,   1,   1,   1,   1,   1,   1,   1,   1,   1,   1,   1,   1,   1,   1,   1,   1,   1,   ; 3
    1,   1,   1,   1,   1,   1,   1,   1,   1,   1,   1,   1,   1,   1,   1,   1,   1,   1,   1,   1,   1,   1,   1,   1,   1,   1,   1,   1,   1,   ; 4
   90,  90,   1,   1,   1,   1,   1,   1,   1,   1,   1,   1,   1,   1,   1,   1,   1,   1,   1,   1,   1,   1,   1,   1,   1,   1,   1,   1,   1,   ; 5
   90,  90,   1,   1,   1,   1,   1,   1,   1,   1,   1,   1,   1,   1,   1,   1,   1,   1,   1,   1,   1,   1,   1,   1,   1,   1,   1,   1,   1,   ; 6
   90,  90,   1,   1,   1,   1,   1,   1,   1,   1,   1,   1,   1,   1,   1,   1,   1,   1,   1,   1,   1,   1,   1,   1,   1,   1,   1,   1,   1,   ; 7
    1,   1,   1,   1,   1,   1,   1,   1,   1,   1,   1,   1,   1,   1,   1,   1,   1,   1,   1,   1,   1,   1,   1,   1,   1,   1,   1,   1,   1,   ; 8
    1,   1,   1,   1,   1,   1,   1,   1,   1,   1,   1,   1,  90,  90,  90,  90,  90,  90,  90,   1,   1,   1,   1,   1,   1,   1,   1,   1,   1,   ; 9
    1,   1,   1,   1,   1,   1,   1,   1,   1,   1,   1,   1,  90,  90,  90,  90,  90,  90,  90,   1,   1,   1,   1,   1,   1,   1,   1,   1,   1,   ;10
    1,   1,   1,   1,   1,   1,   1,   1,   1,   1,   1,   1,  90,  90,  90,  90,  90,  90,  90,   1,   1,   1,   1,   1,   1,   1,   1,   1,   1,   ;11
   90,  90,   1,   1,   1,   1,   1,   1,   1,   1,   1,   1,  90,  90,  90,  90,  90,  90,  90,   1,   1,   1,   1,   1,   1,   1,   1,   1,   1,   ;12
   90,  90,   1,   1,   1,   1,   1,   1,   1,   1,   1,   1,  90,  90,  90,  90,  90,  90,  90,   1,   1,   1,   1,   1,   1,   1,   1,   1,   1,   ;13
   90,  90,   1,   1,   1,   1,   1,   1,   1,   1,   1,   1,   1,   1,   1,   1,   1,   1,   1,   1,   1,   1,   1,   1,   1,   1,   1,   1,   1,   ;14
    1,   1,   1,   1,   1,   1,   1,   1,   1,   1,   1,   1,   1,   1,   1,   1,   1,   1,   1,   1,   1,   1,   1,   1,   1,   1,   1,   1,   1,   ;15
    1,   1,   1,   1,   1,   1,   1,   1,   1,   1,   1,   1,   1,   1,   1,   1,   1,   1,   1,   1,   1,   1,   1,   1,   1,   1,   1,   1,   1,   ;16
    1,   1,   1,   1,   1,   1,   1,   1,   1,   1,   1,   1,   1,   1,   1,   1,   1,   1,   1,   1,   1,   1,   1,   1,   1,   1,   1,   1,   1,   ;17
    1,   1,   1,   1,   1,   1,   1,   1,   1,   1,   1,   1,   1,   1,   1,   1,   1,   1,   1,   1,   1,   1,   1,   1,   1,   1,   1,   1,   1,   ;18
    1,   1,   1,   1,   1,   1,   1,   1,   1,   1,   1,   1,   1,   1,   1,   1,   1,   1,   1,   1,   1,   1,   1,   1,   1,   1,   1,   1,   1,   ;19
;
BG_MAX(864, 528)  ; BGの最大サイズ     (54*16,33*16)
BG_ROUT(368,112)   ; マップ左上原点のＢＧ上のドット位置(23*16,7*16)
BG_CHG(0,0)        ; BG_ROUTの座標（省略時は０、０）
SPR_CHG(384,392)   ; スプライトの変換座標（省略時は０、８）
;
;地形名
;GND(41,"クロスパネル")           ; 地形名１(ＭＡＸ６文字)
GND(01,"クロスパネル")           ; 地形名１(ＭＡＸ６文字)
