;ÇlÇrÇSÉ}ÉbÉv
(28,26) ; É}ÉbÉvÇÃëSëÃÉTÉCÉY(Çw: 0Å`27, Çx: 0Å`25)
;-< 0>-< 1>-< 2>-< 3>-< 4>-< 5>-< 6>-< 7>-< 8>-< 9>-<10>-<11>-<12>-<13>-<14>-<15>-<16>-<17>-<18>-<19>-<20>-<21>-<22>-<23>-<24>-<25>-<26>-<27>
    1,   1,   1,   1,   1,   1,   1,   1,   1,   1,   1,   1,   1,   1,   1,   1,   1,   1,   1,   1,   1,   1,   1,   1,   1,   1,   1,   1, ; 0
    1,   1,   1,   1,   1,   1,   1,   1,   1,   1,   1,   1,   1,   1,   1,   1,   1,   1,   1,   1,   1,   1,   1,   1,   1,   1,   1,   1, ; 1
    1,   1,   1,   1,   1,   1,   1,   1,   1,   1,   1,   1,   1,   1,   1,   1,   1,   1,   1,   1,   1,   1,   1,   1,   1,   1,   1,   1, ; 2
    1,   1,   1,   1,   1,   1,   1,   1,   1,   1,   1,   1,   1,   1,   1,   1,   1,   1,   1,   1,   1,   1,   1,   1,   1,   1,   1,   1, ; 3
    1,   1,   1,   1,   1,   1,   1,   1,   1,   1,   1,   1,   1,   1,   1,   1,   1,   1,   1,   1,   1,   1,   1,   1,   1,   1,   1,   1, ; 4
    1,   1,   1,   1,   1,   1,   1,   1,   1,   1,   1,   1,   1,   1,   1,   1,   1,   1,   1,   1,   1,   1,   1,   1,   1,   1,   1,   1, ; 5
    1,   1,   1,   1,   1,   1,   1,   1,  80,  80,   1,   1,   1,   1,   1,   1,   1,   1,   1,   1,   1,   1,   1,   1,   1,   1,   1,   1, ; 6
    1,   1,   1,9901,9901,   1,   1,   1,  80,  80,   1,   1,   1,   1,   1,   1,   1,   1,   1,   1,   1,   1,   1,  80,  80,   1,   1,   1, ; 7
    1,   1,   1,9901,9901,   1,   1,   1,   1,   1,   1,   1,   1,  80,  80,   1,   1,   1,9901,9901,   1,   1,   1,  80,  80,   1,   1,   1, ; 8
    1,   1,   1,   1,   1,   1,   1,   1,   1,   1,   1,   1,   1,  80,  80,   1,   1,   1,9901,9901,   1,   1,   1,   1,   1,   1,   1,   1, ; 9
    1,   1,  80,  80,   1,   1,   1,   1,   1,   1,   1,   1,   1,   1,   1,   1,   1,   1,   1,   1,   1,   1,   1,   1,   1,   1,   1,   1, ;10
    1,   1,  80,  80,   1,   1,   1,   1,   1,   1,   1,   1,   1,   1,   1,   1,   1,  80,  80,   1,   1,   1,   1,   1,   1,   1,   1,   1, ;11
    1,   1,   1,   1,   1,   1,   1,   1,   1,   1,   1,   1,   1,   1,   1,   1,   1,  80,  80,   1,   1,   1,   1,   1,   1,   1,   1,   1, ;12
  601,   1,   1,   1,   1,   1,   1,   1,   1,   1,   1,   1,   1,   1,   1,   1,   1,   1,   1,   1,   1,   1,   1,   1,   1,   1,   1,   1, ;13
    1,   1,   1,   1,   1,   1,   1,   1,   1,   1,   1,   1,   1,   1,   1,   1,   1,   1,   1,   1,   1,   1,   1,   1,   1,   1,   1,   1, ;14
    1,   1,   1,   1,   1,   1,   1,   1,9901,9901,   1,   1,   1,   1,   1,   1,   1,   1,   1,   1,   1,   1,   1,9901,9901,   1,   1,   1, ;15
    1,   1,   1,   1,   1,   1,   1,   1,9901,9901,   1,   1,   1,   1,   1,   1,   1,   1,   1,   1,   1,   1,   1,9901,9901,   1,   1,   1, ;16
    1,   1,   1,   1,   1,   1,   1,   1,   1,   1,   1,   1,   1,   1,   1,   1,   1,   1,   1,   1,   1,   1,   1,   1,   1,   1,   1,   1, ;17
    1,   1,   1,   1,   1,   1,   1,   1,   1,   1,   1,   1,   1,   1,   1,   1,   1,   1,   1,   1,   1,   1,   1,   1,   1,   1,   1,   1, ;18
    1,   1,   1,  80,  80,   1,   1,   1,   1,   1,   1,   1,   1,   1,   1,   1,   1,   1,   1,   1,   1,   1,   1,   1,   1,   1,   1,   1, ;19
    1,   1,   1,  80,  80,   1,   1,   1,   1,   1,   1,   1,   1,9901,9901,   1,   1,   1,   1,  80,  80,   1,   1,   1,   1,   1,   1,   1, ;20
    1,   1,   1,   1,   1,   1,   1,   1,   1,   1,   1,   1,   1,9901,9901,   1,   1,   1,   1,  80,  80,   1,   1,   1,   1,   1,   1,   1, ;21
    1,   1,   1,   1,   1,   1,   1,   1,   1,   1,   1,   1,   1,   1,   1,   1,   1,   1,   1,   1,   1,   1,   1,   1,   1,   1,   1,   1, ;22
    1,   1,   1,   1,   1,   1,   1,   1,   1,   1,   1,   1,   1,   1,   1,   1,   1,   1,   1,   1,   1,   1,   1,   1,   1,   1,   1,   1, ;23
    1,   1,   1,   1,   1,   1,   1,   1,   1,   1,   1,   1,   1,   1,   1,   1,   1,   1,   1,   1,   1,   1,   1,   1,   1,   1,   1,   1, ;24
    1,   1,   1,   1,   1,   1,   1,   1,   1,   1,   1,   1,   1,   1,   1,   1,   1,   1,   1,   1,   1,   1,   1,   1,   1,   1,   1,   1, ;25
;
BG_MAX(944, 672)  ; BGÇÃç≈ëÂÉTÉCÉY                    (59*16, 42*16)
BG_ROUT(448, 216) ; É}ÉbÉvç∂è„å¥ì_ÇÃÇaÇfè„ÇÃÉhÉbÉgà íu(28*16, 13*16+8)
BG_CHG(0,0)       ; BG_ROUTÇÃç¿ïWÅiè»ó™éûÇÕÇOÅAÇOÅj
SPR_CHG(384,392)  ; ÉXÉvÉâÉCÉgÇÃïœä∑ç¿ïWÅiè»ó™éûÇÕÇOÅAÇWÅj
;
;îjâÛè·äQï®ñºÅAÇTå¬Ç‹Ç≈ê›íËâ¬î\
OBS(99,"@[MS04-obj-0]")  ; îjâÛè·äQï®ñºÇP(ÇlÇ`ÇwÇUï∂éö)
;ínå`ñº
;GND(07,"ääëñòH")           ; ínå`ñºÇP(ÇlÇ`ÇwÇUï∂éö)
GND(01,"@[MS04-gnd-1]")           ; ínå`ñºÇP(ÇlÇ`ÇwÇUï∂éö)
