;ＭＳ２３マップ（アイテムの差）
(44,49) ; マップの全体サイズ(Ｘ:0-43, Ｙ:0-48)
;-< 0>-< 1>-< 2>-< 3>-< 4>-< 5>-< 6>-< 7>-< 8>-< 9>-<10>-<11>-<12>-<13>-<14>-<15>-<16>-<17>-<18>-<19>-<20>-<21>-<22>-<23>-<24>-<25>-<26>-<27>-<28>-<29>-<30>-<31>-<32>-<33>-<34>-<35>-<36>-<37>-<38>-<39>-<40>-<41>-<42>-<43>
    0,   0,   0,   0,   0,   0,   0,   0,   0,   0,   0,   0,   0,   0,   0,   0,   0,   0,   0,   0,   0,   0,   1,   1,  90,  90,   0,   0,   0,   0,   0,   0,   0,   0,   0,   0,   0,   0,   0,   0,   0,   0,   0,   0, ; 0
    0,   0,   0,   0,   0,   0,   0,   0,   0,   0,   0,   0,   0,   0,   0,   0,   0,   0,   0,   0,   0,  90,   1,  45,   1,  90,  90,   0,   0,   0,   0,   0,   0,   0,   0,   0,   0,   0,   0,   0,   0,   0,   0,   0, ; 1
    0,   0,   0,   0,   0,   0,   0,   0,   0,   0,   0,   0,   0,   0,   0,   0,   0,   0,   0,   0,   1,   1,   1,   1,   1,   1,   1,  90,   0,   0,   0,   0,   0,   0,   0,   0,   0,   0,   0,   0,   0,   0,   0,   0, ; 2
    0,   0,   0,   0,   0,   0,   0,   0,   0,   0,   0,   0,   0,   0,   0,   0,   0,   0,   0,  90,   1,   1,   1,   1,   1,   1,   1,   1,   1,   0,   0,   0,   0,   0,   0,   0,   0,   0,   0,   0,   0,   0,   0,   0, ; 3
    0,   0,   0,   0,   0,   0,   0,   0,   0,   0,   0,   0,   0,   0,   0,   0,   0,   0,  90,  90,  90,   1,   1,   1,   1,   1,   1,   1,   1,   1,   0,   0,   0,   0,   0,   0,   0,   0,   0,   0,   0,   0,   0,   0, ; 4
    0,   0,   0,   0,   0,   0,   0,   0,   0,   0,   0,   0,   0,   0,   0,   0,   0,  90,  90,  90,  90,  90,   1,   1,   1,   1,   1,   1,   1,   1,  90,   0,   0,   0,   0,   0,   0,   0,   0,   0,   0,   0,   0,   0, ; 5
    0,   0,   0,   0,   0,   0,   0,   0,   0,   0,   0,   0,   0,   0,   0,   0,  90,  90,  90,  90,  90,  90,  90,   1,   1,   1,   1,   1,   1,   1,1701,   0,   0,   0,   0,   0,   0,   0,   0,   0,   0,   0,   0,   0, ; 6
    0,   0,   0,   0,   0,   0,   0,   0,   0,   0,   0,   0,   0,   0,   0,  90,  90,  90,  90,  90,  90,  90,  90,  90,  90,   1,   1,   1,   1,   1,   1,   0,   0,   0,   0,   0,   0,   0,   0,   0,   0,   0,   0,   0, ; 7
    0,   0,   0,   0,   0,   0,   0,   0,   0,   0,   0,   0,   0,   0,  90,  90,  90,  90,  90,  90,  90,  90,  90,  90,  90,   1,   1,  45,   1,   1,   1,   0,   0,   0,   0,   0,   0,   0,   0,   0,   0,   0,   0,   0, ; 8
    0,   0,   0,   0,   0,   0,   0,   0,   0,   0,   0,   0,   0,  90,  90,  90,  90,  90,  90,  90,  90,  90,  90,  90,  90,  90,  90,   1,   1,   1,   1,   0,   0,   0,   0,   0,   0,   0,   0,   0,   0,   0,   0,   0, ; 9
    0,   0,   0,   0,   0,   0,   0,   0,   0,   0,   0,   0,  90,  90,  90,  90,  90,  90,  90,  90,  90,  90,  90,  90,  90,  90,  90,   1,   1,   1,   1,  90,   0,   0,   0,   0,   0,   0,   0,   0,   0,   0,   0,   0, ;10
    0,   0,   0,   0,   0,   0,   0,   0,   0,   0,   0,  90,  90,  90,  90,  90,  90,  90,  90,  90,  90,  90,  90,  90,  90,  90,  90,  90,   1,   1,   1,  90,  90,   0,   0,   0,   0,   0,   0,   0,   0,   0,   0,   0, ;11
    0,   0,   0,   0,   0,   0,   0,   0,   0,   0,  90,  90,  90,  90,  90,  90,  90,  90,  90,  90,  90,  90,  90,  90,  90,  90,  90,  90,   1,   1,   1,  90,  90,  90,   0,   0,   0,   0,   0,   0,   0,   0,   0,   0, ;12
    0,   0,   0,   0,   0,   0,   0,   0,   0,  90,  90,  90,  90,  90,  90,  90,  90,  90,  90,  90,  90,  90,  90,  90,  90,  90,  90,  90,   1,   1,   1,  90,  90,  90,  90,   0,   0,   0,   0,   0,   0,   0,   0,   0, ;13
    0,   0,   0,   0,   0,   0,   0,   0,  90,  90,  90,  90,  90,  90,  90,  90,  90,  90,  90,  90,  90,  90,  90,  90,  90,  90,  90,  90,  90,  90,  90,  90,  90,  90,  90,  90,   0,   0,   0,   0,   0,   0,   0,   0, ;14
    0,   0,   0,   0,   0,   0,   0,  90,  90,  90,  90,  90,  90,  90,  90,  90,  90,  90,  90,  90,  90,  90,  90,  90,  90,  90,  90,  90,  90,  90,  90,  90,  90,  90,  90,  90,  90,   0,   0,   0,   0,   0,   0,   0, ;15
    0,   0,   0,   0,   0,   0,  90,  90,  90,   1,   1,   1,   1,   1,   1,   1,   1,   1,   1,   1,   1,   1,   1,   1,   1,   1,   1,   1,  90,  90,  90,  90,  90,  90,  90,  90,  90,  90,   0,   0,   0,   0,   0,   0, ;16
    0,   0,   0,   0,   0,  90,  90,  90,  90,   1,   1,   1,   1,   1,   1,   1,   1,   1,   1,   1,   1,   1,   1,   1,   1,   1,   1,   1,  90,  90,  90,  90,  90,  90,  90,  90,  90,   1,   1,   0,   0,   0,   0,   0, ;17
    0,   0,   0,   0,  90,  90,  90,  90,  90,   1,   1,   1,   1,   1,   1,   1,   1,   1,   1,   1,   1,   1,   1,   1,   1,   1,   1,   1,   1,  90,  90,  90,  90,  90,  90,   1,   1,   1,   1,   1,   0,   0,   0,   0, ;18
    0,   0,   0,  90,  90,  90,  90,  90,  90,   1,   1,   1,   1,   1,   1,   1,   1,   1,   1,   1,   1,   1,   1,   1,   1,   1,   1,   1,   1,  90,  90,  90,  90,  90,  90,   1,   1,   1,   1,   1,   1,   0,   0,   0, ;19
    0,   0,  90,  90,  90,  90,  90,  90,  90,   1,   1,   1,   1,   1,   1,   1,   1,   1,  45,   1,   1,   1,   1,   1,   1,   1,   1,   1,   1,  90,  90,  90,  90,  90,  90,   1,   1,   1,   1,   1,   1,   1,   0,   0, ;20
    0,  90,  90,  90,  90,  90,  90,  90,  90,   1,   1,   1 ,  1,   1,   1,   1,   1,   1,   1,   1,   1,   1,   1,   1,   1,   1,   1,   1,   1,  90,  90,  90,  90,  90,  90,  90,   1,   1,   1,   1,   1,   1,  90,   0, ;21
   90,  90,  90,  90,  90,  90,  90,  90,  90,  90,   1,   1,   1,   1,   1,   1,   1,   1,   1,   1,   1,   1,   1,   1,   1,   1,   1,   1,   1,  90,  90,  90,  90,  90,  90,  90,   1,   1,   1,  45,   1,   1,  90,  90, ;22
   90,   1,   1,   1,   1,  90,  90,  90,  90,  90,   1,   1,   1,   1,   1,   1,   1,   1,   1,   1,   1,   1,   1,   1,   1,   1,   1,   1,   1,  90,  90,  90,  90,  90,  90,  90,   1,   1,   1,   1,   1,   1,   1,  90, ;23
   90,   1,   1,   1,   1,  90,  90,  90,  90,  90,  90,   1,   1,   1,   1,   1,   1,   1,   1,   1,   1,   1,   1,   1,   1,   1,   1,  90,  90,  90,  90,  90,  90,  90,  90,  90,  90,   1,   1,   1,   1,   1,   1,   1, ;24
    1,   1,   1,   1,   1,  90,  90,  90,  90,  90,  90,   1,   1,   1,   1,   1,   1,   1,   1,   1,   1,   1,   1,   1,   1,   1,   1,  90,  90,  90,  90,  90,  90,  90,  90,  90,  90,   1,   1,   1,   1,   1,   1,   1, ;25
    1,   1,   1,   1,   1,   1,  90,  90,  90,  90,  90,  90,   1,   1,   1,   1,   1,   1,   1,   1,   1,   1,   1,   1,   1,   1,  90,  90,  90,  90,  90,  90,  90,  90,  90,  90,  90,  90,   1,   1,   1,  45,   1,  90, ;26
    1,   1,  45,   1,   1,   1,   1,  90,  90,  90,  90,  90,  90,  90,  90,  90,   1,   1,   1,   1,   1,   1,   1,   1,   1,   1,  90,  90,  90,  90,  90,  90,  90,  90,  90,  90,  90,  90,  90,   1,   1,   1,   1,  90, ;27
    1,   1,   1,   1,   1,   1,   1,  90,  90,  90,  90,  90,  90,  90,  90,  90,  90,  90,  90,  90,  90,  90,  90,  90,  90,  90,  90,  90,  90,  90,  90,  90,  90,  90,  90,  90,  90,  90,  90,  90,  90,  90,  90,  90, ;28
    1,   1,   1,   1,   1,   1,  90,  90,  90,  90,  90,  90,  90,  90,  90,  90,  90,  90,  90,  90,  90,  90,  90,  90,  90,  90,  90,  90,  90,  90,  90,  90,  90,  90,  90,  90,  90,  90,  90,  90,  90,  90,  90,  90, ;29
   90,   1,   1,   1,   1,   1,  90,  90,  90,  90,  90,  90,  90,  90,  90,  90,  90,  90,  90,  90,  90,  90,  90,  90,  90,  90,  90,  90,  90,  90,  90,  90,  90,  90,  90,  90,  90,  90,  90,  90,  90,  90,  90,  90, ;30
   90,  90,  90,   1,   1,   1,   1,  90,  90,  90,  90,  90,  90,  90,  90,  90,  90,  90,  90,  90,  90,  90,  90,  90,  90,  90,  90,  90,  90,  90,  90,  90,  90,   1,   1,   1,  90,  90,  90,  90,  90,  90,  90,  90, ;31
    0,  90,  90,   1,   1,  45,   1,   1,  90,  90,  90,  90,  90,  90,  90,  90,  90,  90,  90,  90,  90,  90,  90,  90,  90,  90,  90,  90,  90,  90,  90,  90,   1,   1,   1,   1,   1,  90,  90,  90,  90,  90,  90,  90, ;32
    0,   0,  90,   1,   1,   1,   1,   1,  90,  90,  90,  90,  90,  90,  90,  90,  90,  90,  90,  90,  90,  90,  90,  90,  90,  90,  90,  90,  90,  90,  90,  90,   1,   1,   1,   1,   1,  90,  90,  90,  90,  90,  90,  90, ;33
    0,   0,   0,  90,  90,  90,  90,  90,  90,  90,  90,  90,  90,  90,  90,  90,   1,   1,   1,  90,  90,  90,  90,  90,  90,  90,  90,  90,  90,  90,  90,   1,   1,   1,   1,   1,   1,   1,   1,  90,  90,  90,  90,  90, ;34
    0,   0,   0,   0,  90,  90,  90,  90,  90,  90,  90,  90,  90,  90,  90,   1,   1,   1,   1,   1,   1,  90,  90,  90,  90,  90,  90,  90,  90,  90,  90,   1,   1,   1,   1,   1,   1,   1,   1,   1,  90,  90,  90,  90, ;35
    0,   0,   0,   0,   0,  90,  90,  90,  90,  90,  90,  90,  90,  90,   1,   1,   1,   1,   1,   1,   1,   1,   1,   1,  90,  90,  90,  90,  90,  90,  90,  90,   1,   1,   1,   1,  45,   1,   1,   1,  90,  90,  90,   0, ;36
    0,   0,   0,   0,   0,   0,  90,  90,  90,  90,  90,  90,  90,  90,   1,   1,   1,   1,   1,   1,   1,   1,   1,   1,  90,  90,  90,  90,  90,  90,  90,  90,  90,   1,   1,   1,   1,   1,   1,   1,  90,  90,   0,   0, ;37
    0,   0,   0,   0,   0,   0,   0,  90,  90,  90,  90,  90,  90,  90,   1,   1,   1,  45,   1,   1,   1,   1,   1,   1,   1,  90,  90,  90,  90,  90,  90,  90,  90,   1,  45,   1,   1,   1,   1,   1,  90,   0,   0,   0, ;38
    0,   0,   0,   0,   0,   0,   0,   0,  90,  90,  90,  90,  90,  90,  90,   1,   1,   1,   1,   1,   1,   1,   1,   1,   1,  90,  90,  90,  90,  90,  90,  90,  90,   1,   1,   1,   1,   1,   1,   1,   0,   0,   0,   0, ;39
    0,   0,   0,   0,   0,   0,   0,   0,   0,  90,  90,  90,  90,  90,  90,   1,   1,   1,   1,   1,   1,   1,   1,   1,   1,   1,  90,  90,  90,  90,  90,  90,  90,  90,   1,   1,   1,   1,   1,   0,   0,   0,   0,   0, ;40
    0,   0,   0,   0,   0,   0,   0,   0,   0,   0,  90,  90,  90,  90,  90,   1,   1,   1,   1,   1,   1,   1,   1,   1,   1,   1,  90,  90,  90,  90,  90,  90,  90,  90,  90,  90,   1,   1,   1,   0,   0,   0,   0,   0, ;41
    0,   0,   0,   0,   0,   0,   0,   0,   0,   0,   0,  90,  90,  90,  90,  90,   1,   1,   1,   1,   1,   1,   1,   1,   1,  90,  90,  90,  90,  90,  90,  90,  90,  90,  90,  90,  90,   0,   0,   0,   0,   0,   0,   0, ;42
    0,   0,   0,   0,   0,   0,   0,   0,   0,   0,   0,   0,  90,  90,  90,  90,   1,   1,   1,   1,   1,   1,   1,   1,   1,  90,  90,  90,  90,  90,  90,  90,  90,  90,  90,  90,   0,   0,   0,   0,   0,   0,   0,   0, ;43
    0,   0,   0,   0,   0,   0,   0,   0,   0,   0,   0,   0,   0,  90,  90,  90,   1,   1,   1,   1,   1,   1,   1,   1,   1,  90,  90,  90,  90,  90,  90,  90,  90,  90,  90,   0,   0,   0,   0,   0,   0,   0,   0,   0, ;44
    0,   0,   0,   0,   0,   0,   0,   0,   0,   0,   0,   0,   0,   0,  90,  90,   1,   1,   1,   1,   1,   1,   1,   1,   1,  90,  90,  90,  90,  90,  90,  90,  90,  90,   0,   0,   0,   0,   0,   0,   0,   0,   0,   0, ;45
    0,   0,   0,   0,   0,   0,   0,   0,   0,   0,   0,   0,   0,   0,   0,  90,   1,   1,   1,   1,   1,   1,   1,   1,  90,  90,  90,  90,  90,  90,  90,  90,  90,   0,   0,   0,   0,   0,   0,   0,   0,   0,   0,   0, ;46
    0,   0,   0,   0,   0,   0,   0,   0,   0,   0,   0,   0,   0,   0,   0,   0,  90,   1,   1,   1,   1,   1,   1,  90,  90,  90,  90,  90,  90,  90,  90,  90,   0,   0,   0,   0,   0,   0,   0,   0,   0,   0,   0,   0, ;47
    0,   0,   0,   0,   0,   0,   0,   0,   0,   0,   0,   0,   0,   0,   0,   0,   0,   1,   1,   1,   1,   1,  90,  90,  90,  90,  90,  90,  90,  90,  90,   0,   0,   0,   0,   0,   0,   0,   0,   0,   0,   0,   0,   0, ;48
;
BG_MAX(1024, 560)  ; BGの最大サイズ     (64*16,35*16)
BG_ROUT(208, 80)   ; マップ左上原点のＢＧ上のドット位置(13*16,5*16)
BG_CHG(1, 23)      ; BG_ROUTの座標（省略時は０、０）
SPR_CHG(384,392)   ; スプライトの変換座標（省略時は０、８）
;
;地形名
GND(01,"黒鉱石の地面")       ; 地形名１(ＭＡＸ６文字)
GND(45,"転送スイッチ")       ; 地形名１(ＭＡＸ６文字)
