;ÇlÇrÇPÇOÉ}ÉbÉv
(40,42) ; É}ÉbÉvÇÃëSëÃÉTÉCÉY(Çw: 0Å`39, Çx: 0Å`41)
;-< 0>-< 1>-< 2>-< 3>-< 4>-< 5>-< 6>-< 7>-< 8>-< 9>-<10>-<11>-<12>-<13>-<14>-<15>-<16>-<17>-<18>-<19>-<20>-<21>-<22>-<23>-<24>-<25>-<26>-<27>-<28>-<29>-<30>-<31>-<32>-<33>-<34>-<35>-<36>-<37>-<38>-<39>
    0,   0,   0,   0,   0,   0,   0,   0,   0,   0,   0,   0,   0,   0,   0,   0,   0,   0,   0,   0,   0,   0,   5,   5,   0,   0,   0,   0,   0,   0,   0,   0,   0,   0,   0,   0,   0,   0,   0,   0, ; 0
    0,   0,   0,   0,   0,   0,   0,   0,   0,   0,   0,   0,   0,   0,   0,   0,   0,   0,   0,   0,   0,  90,   5,   5,   5,   0,   0,   0,   0,   0,   0,   0,   0,   0,   0,   0,   0,   0,   0,   0, ; 1
    0,   0,   0,   0,   0,   0,   0,   0,   0,   0,   0,   0,   0,   0,   0,   0,   0,   0,   5,   5,   5,   5,  44,  44,  44,  90,   0,   0,   0,   0,   0,   0,   0,   0,   0,   0,   0,   0,   0,   0, ; 2
    0,   0,   0,   0,   0,   0,   0,   0,   0,   0,   0,   0,   0,   0,   0,   0,   0,   5,   5,  44,   5,   5,  44,  44,  44,   5,   5,   0,   0,   0,   0,   0,   0,   0,   0,   0,   0,   0,   0,   0, ; 3
    0,   0,   0,   0,   0,   0,   0,   0,   0,   0,   0,   0,   0,   0,   0,   0,   5,   5,   5,  44,   5,  44,   5,  44,   5,   5,   5,  90,   0,   0,   0,   0,   0,   0,   0,   0,   0,   0,   0,   0, ; 4
    0,   0,   0,   0,   0,   0,   0,   0,   0,   0,   0,   0,   0,   0,   0,  90,   5,  44,  44,  44,   5,  44,  44,  44,  44,  44,   5,  90,  90,   0,   0,   0,   0,   0,   0,   0,   0,   0,   0,   0, ; 5
    0,   0,   0,   0,   0,   0,   0,   0,   0,   0,   0,   0,   0,   0,  44,  44,  44,  44,  44,   5,  44,   5,   5,  44,  44,  44,   5,  90,  90,  90,   0,   0,   0,   0,   0,   0,   0,   0,   0,   0, ; 6
    0,   0,   0,   0,   0,   0,   0,   0,   0,   0,   0,   0,   0,  44,  44,  44,  44,   5,   5,   5,  44,  44,  44,  44,   5,   5,   5,  90,  90,  90,  90,   0,   0,   0,   0,   0,   0,   0,   0,   0, ; 7
    0,   0,   0,   0,   0,   0,   0,   0,   0,   0,   0,   0,  90,  44,  44,  44,  44,  44,  44,  44,  44,  44,   5,  44,   5,   5,   5,   5,   5,  90,  90,  90,   0,   0,   0,   0,   0,   0,   0,   0, ; 8
    0,   0,   0,   0,   0,   0,   0,   0,   0,   0,   0,  90,   5,   5,   5,  44,   5,  44,   5,   5,   5,   5,   5,  44,   5,  44,  44,   5,   5,   5,   5,   5,   5,   0,   0,   0,   0,   0,   0,   0, ; 9
    0,   0,   0,   0,   0,   0,   0,   0,   0,   0,  90,  90,   5,   5,   5,   5,   5,   5,   5,   5,   5,   5,   5,  44,  44,  44,   5,   5,   5,   5,   5,   5,   5,  90,   0,   0,   0,   0,   0,   0,  ;10
    0,   0,   0,   0,   0,   0,   0,   0,   0,  90,  90,  90,   5,   5,   5,   5,   5,   5,   5,   5,   5,   5,   5,  44,  44,  44,   5,   5,   5,   5,   5,   5,   5,   5,   5,   0,   0,   0,   0,   0,  ;11
    0,   0,   0,   0,   0,   0,   0,   0,  90,1605,   5,   5,   5,   5,   5,   5,   5,   5,   5,   5,  80,   5,   5,   5,   5,   5,   5,   5,   5,   5,   5,   5,   5,   5,   5,   5,   0,   0,   0,   0,  ;12
    0,   0,   0,   0,   0,   0,   0,  90,  90,   5,   5,   5,   5,   5,   5,   5,   5,   5,  80,  80,  80,   5,   5,   5,   5,   5,   5,   5,   5,   5,   5,   5,   5,   5,   5,   5,   5,   0,   0,   0,  ;13
    0,   0,   0,   0,   0,   0,   5,   5,   5,   5,   5,   5,   5,   5,   5,   5,   5,   5,  80,  80,  80,   5,   5,   5,   5,   5,   5,   5,   5,   5,   5,   5,   5,   5,   5,   5,   5,   5,   0,   0,  ;14
    0,   0,   0,   0,   0,  44,  44,   5,   5,   5,   5,9905,9905,   5,  80,  80,  80,  80,  80,  80,   5,   5,   5,   5,   5,   5,   5,   5,   5,   5,   5,   5,   5,   5,   5,   5,   5,   5,   5,   5,  ;15
    0,   0,   0,   0,  90,  44,  44,  44,   5,   5,   5,   5,   5,   5,  80,  80,  80,  80,  80,  80,  80,   5,   5,   5,   5,   5,   5,   5,   5,   5,   5,   5,   5,   5,   5,   5,   5,   5,   5,   5,  ;16
    0,   0,   0,  90,  90,   5,  44,  44,  44,  44,  44,  44,   5,   5,   5,  80,  80,  80,  80,  80,  80,  80,  80,  80,  80,   5,   5,   5,   5,   5,   5,   5,   5,   5,   5,  90,  90,  90,  90,   0,  ;17
    0,   0,   5,   5,   5,   5,   5,  44,  44,  44,  44,  44,  44,  44,  44,   5,   5,  80,  80,  80,  80,  80,  80,  80,  80,  44,   5,   5,   5,   5,   5,   5,  90,  90,   5,  90,  90,  90,  90,   0,  ;18
    0,  90,   5,   5,   5,   5,   5,   5,  44,  44,  44,  44,  44,  44,  44,  44,  80,  80,  80,  80,  80,  80,  80,   5,   5,  44,   5,   5,  90,  90,  90,  90,  90,  90,   5,   5,   5,  90,  90,   0,  ;19
   90,  90,   5,   5,   5,   5,   5,   5,   5,   5,   5,   5,  44,  44,  44,  44,  80,  80,  80,  80,  80,  80,  80,  44,  44,  44,  44,  44,   5,   5,   5,   5,   5,   5,   5,   5,   5,   5,  90,   0,  ;20
    5,   5,   5,   5,   5,   5,   5,   5,   5,9905,9905,9905,   5,  44,  44,  44,  80,  80,  80,  80,  80,  80,  80,  44,  44,  44,  44,  44,  44,   5,   5,   5,   5,   5,   5,   5,   5,  90,  90,   0,  ;21
    5,   5,   5,   5,   5,   5,   5,   5,   5,   5,   5,   5,   5,   5,  44,   5,   5,  80,  80,  80,  80,  80,  80,  44,  44,  44,  44,  44,  44,  44,   5,   5,   5,   5,   5,   5,   5,  90,  90,   0,  ;22
    5,   5,   5,   5,   5,   5,   5,   5,   5,   5,   5,   5,   5,   5,   5,   5,   5,  80,  80,  80,  80,  80,  80,   5,  44,  44,  44,   5,9905,9905,9905,   5,   5,   5,   5,  44,   5,  90,  90,   0,  ;23
    5,   5,   5,   5,   5,   5,   5,   5,   5,   5,   5,   5,   5,   5,   5,   5,   5,   5,  80,  80,  80,  80,  80,   5,  44,  44,  44,   5,   5,   5,   5,   5,   5,   5,   5,  44,  44,  44,  90,   0,  ;24
    5,   5,   5,   5,   5,   5,   5,   5,   5,   5,   5,   5,   5,   5,   5,   5,   5,   5,  80,  80,  80,  80,  80,   5,  44,  44,  44,  44,  44,  44,   5,   5,  44,  44,  44,  44,  44,   5,  90,   0,  ;25
    5,   5,   5,   5,   5,   5,   5,   5,   5,   5,   5,   5,   5,   5,   5,   5,   5,   5,   5,  80,  80,  80,  80,   5,   5,  44,  44,  44,  44,  44,  44,  44,  44,  44,  44,  44,  44,   5,   5,   0,  ;26
    5,   5,   5,   5,   5,   5,   5,   5,   5,   5,   5,   5,   5,   5,   5,   5,   5,   5,   5,   5,  80,  80,  80,   5,   5,  44,  44,  44,  44,  44,  44,  44,  44,  44,  44,  44,   5,   5,   5,   0,  ;27
    0,   5,   5,   5,   5,   5,   5,   5,   5,   5,   5,   5,   5,   5,   5,   5,   5,   5,9905,   5,   5,   5,   5,   5,   5,   5,   5,   5,   5,   5,  44,  44,  44,  44,  44,  44,   5,  90,  90,   0,  ;28
    0,   0,  90,   5,   5,   5,   5,   5,   5,   5,   5,   5,   5,   5,   5,   5,   5,   5,9905,   5,   5,   5,   5,   5,   5,   5,   5,   5,9905,9905,   5,  44,  44,  44,   5,   5,   5,  90,  90,   0,  ;29
    0,   0,   0,  90,   5,   5,   5,   5,   5,   5,   5,   5,   5,   5,   5,   5,   5,   5,   5,   5,   5,   5,   5,   5,   5,   5,   5,   5,   5,   5,   5,   5,   5,   5,   5,   5,   5,  90,   0,   0,  ;30
    0,   0,   0,   0,  90,  90,   5,   5,   5,   5,   5,   5,   5,   5,   5,   5,   5,   5,   5,   5,   5,   5,   5,   5,   5,   5,   5,   5,   5,   5,   5,   5,   5,   5,   5,   5,   5,   0,   0,   0,  ;31
    0,   0,   0,   0,   0,  90,   5,   5,   5,   5,   5,   5,   5,   5,   5,   5,   5,   5,   5,   5,   5,   5,   5,   5,   5,   5,   5,   5,   5,   5,   5,   5,   5,   5,   5,  90,   0,   0,   0,   0,  ;32
    0,   0,   0,   0,   0,   0,  90,  90,   5,   5,   5,   5,   5,   5,   5,   5,   5,   5,   5,   5,   5,   5,   5,   5,   5,   5,   5,   5,   5,   5,   5,   5,   5,   5,   5,   0,   0,   0,   0,   0,  ;33
    0,   0,   0,   0,   0,   0,   0,  90,  90,  90,   5,   5,   5,   5,   5,   5,   5,   5,   5,   5,   5,   5,   5,   5,   5,   5,   5,   5,   5,   5,   5,   5,   5,  90,   0,   0,   0,   0,   0,   0,  ;34
    0,   0,   0,   0,   0,   0,   0,   0,  90,  90,   5,   5,   5,   5,   5,   5,   5,   5,   5,   5,   5,   5,   5,   5,   5,   5,   5,   5,   5,   5,   5,   5,   5,   0,   0,   0,   0,   0,   0,   0,  ;35
    0,   0,   0,   0,   0,   0,   0,   0,   0,  90,   5,   5,   5,   5,   5,  80,9990,  80,   5,   5,   5,   5,   5,   5,   5,   5,   5,   5,   5,   5,   5,  90,   0,   0,   0,   0,   0,   0,   0,   0,  ;36
    0,   0,   0,   0,   0,   0,   0,   0,   0,   0,   5,   5,   5,   5,  90,  90,  90,  90,9990,   5,   5,   5,   5,   5,   5,   5,   5,   5,   5,   5,   5,   0,   0,   0,   0,   0,   0,   0,   0,   0,  ;37
    0,   0,   0,   0,   0,   0,   0,   0,   0,   0,   0,   0,   0,   0,   0,   0,   0,   0,   0,  80,   5,   5,   5,   5,   5,   5,   5,   5,   5,  90,   0,   0,   0,   0,   0,   0,   0,   0,   0,   0,  ;38
    0,   0,   0,   0,   0,   0,   0,   0,   0,   0,   0,   0,   0,   0,   0,   0,   0,   0,   0,   0,9990,   5,   5,   5,   5,   5,   5,   5,   5,   0,   0,   0,   0,   0,   0,   0,   0,   0,   0,   0,  ;39
    0,   0,   0,   0,   0,   0,   0,   0,   0,   0,   0,   0,   0,   0,   0,   0,   0,   0,   0,   0,   0,  80,   5,   5,   5,   5,  90,  90,   0,   0,   0,   0,   0,   0,   0,   0,   0,   0,   0,   0,  ;40
    0,   0,   0,   0,   0,   0,   0,   0,   0,   0,   0,   0,   0,   0,   0,   0,   0,   0,   0,   0,   0,   0,9990,   5,   5,   5,  90,   0,   0,   0,   0,   0,   0,   0,   0,   0,   0,   0,   0,   0,  ;41
;
BG_MAX(912, 456) ; ÇaÇfÇÃç≈ëÂÉTÉCÉY  (57*16, 28*16+8)
BG_ROUT(336, 48) ; É}ÉbÉvç∂è„å¥ì_ÇÃÇaÇfè„ÇÃÉhÉbÉgà íu(21*16, 3*16)
BG_CHG(5, 15)    ; BG_ROUTÇÃç¿ïWÅiè»ó™éûÇÕÇOÅAÇOÅj
SPR_CHG(384,392) ; ÉXÉvÉâÉCÉgÇÃïœä∑ç¿ïWÅiè»ó™éûÇÕÇOÅAÇWÅj
;
;îjâÛè·äQï®ñºÅAÇTå¬Ç‹Ç≈ê›íËâ¬î\
OBS(99,"ä‚")     ; îjâÛè·äQï®ñºÇP(ÇlÇ`ÇwÇUï∂éö)
;ínå`ñº
;GND(17,"çªîô")         ; ínå`ñºÇP(ÇlÇ`ÇwÇUï∂éö)
;GND(12,"É}ÉOÉ}")       ; ínå`ñºÇP(ÇlÇ`ÇwÇUï∂éö)
GND(05,"çªîô")          ; ínå`ñºÇP(ÇlÇ`ÇwÇUï∂éö)
GND(44,"É}ÉOÉ}")        ; ínå`ñºÇP(ÇlÇ`ÇwÇUï∂éö)
