;ÇlÇrÇPÇQÉ}ÉbÉv
(45,34) ; É}ÉbÉvÇÃëSëÃÉTÉCÉY(Çw: 0Å`44, Çx: 0Å`33)
;-< 0>-< 1>-< 2>-< 3>-< 4>-< 5>-< 6>-< 7>-< 8>-< 9>-<10>-<11>-<12>-<13>-<14>-<15>-<16>-<17>-<18>-<19>-<20>-<21>-<22>-<23>-<24>-<25>-<26>-<27>-<28>-<29>-<30>-<31>-<32>-<33>-<34>-<35>-<36>-<37>-<38>-<39>-<40>-<41>-<42>-<43>-<44>
    0,   0,   0,   0,   0,   0,   0,   0,   0,   0,   0,   0,   0,   0,   0,   0,   5,   5,   5,   5,   5,   5,   5,   5,   5,   5,   5,   5,   5,  90,  90,   0,   0,   0,   0,   0,   0,   0,   0,   0,   0,   0,   0,   0,   0, ; 0
    0,   0,   0,   0,   0,   0,   0,   0,   0,   0,   0,   0,   0,   0,   0,   0,   5,   5,   5,   5,   5,   5,   5,   5,   5,   5,   5,   5,   5,   5,   5,  90,   0,   0,   0,   0,   0,   0,   0,   0,   0,   0,   0,   0,   0, ; 1
    0,   0,   0,   0,   0,   0,   0,   0,   0,   0,   0,   0,   0,   0,   0,   5,   5,   5,   5,   5,   5,   5,   5,   5,   5,   5,   5,   5,   5,   5,   5,   5,  90,   0,   0,   0,   0,   0,   0,   0,   0,   0,   0,   0,   0, ; 2
    0,   0,   0,   0,   0,   0,   0,   0,   0,   0,   0,   0,   0,   0,  90,   5,   5,   5,   5,   5,   5,   5,   5,   5,   5,   5,   5,   5,   5,   5,   5,   5,   5,  90,   0,   0,   0,   0,   0,   0,   0,   0,   0,   0,   0, ; 3
    0,   0,   0,   0,   0,   0,   0,   0,   0,   0,   0,   0,   0,  90,  90,   5,   5,   5,   5,   5,   5,   6,   5,   5,   5,   5,   5,   5,   5,   5,   5,   5,   5,   5,   5,   0,   0,   0,   0,   0,   0,   0,   0,   0,   0, ; 4
    0,   0,   0,   0,   0,   0,   0,   0,   0,   0,   0,   0,  90,  90,  90,   5,   5,   5,   5,   5,   5,   6,   6,   5,   5,   5,   5,   5,   5,   5,   5,   5,   5,   5,   5,  90,   0,   0,   0,   0,   0,   0,   0,   0,   0, ; 5
    0,   0,   0,   0,   0,   0,   0,   0,   0,   0,   0,  90,  90,   5,   5,   5,   5,   5,   5,   5,   5,   5,   6,   6,   5,   5,   5,   5,   5,   5,   5,   5,   5,   5,   5,   5,  90,   0,   0,   0,   0,   0,   0,   0,   0, ; 6
    0,   0,   0,   0,   0,   0,   0,   0,   0,   0,  90,  90,  90,   5,   5,   5,   5,   5,   5,   5,   5,   5,   5,   5,   5,   5,   5,   5,   5,   5,   5,   5,   5,   5,   5,   5,  90,  90,   0,   0,   0,   0,   0,   0,   0, ; 7
    0,   0,   0,   0,   0,   0,   0,   0,   0,  90,  90,  90,  90,   5,   5,   5,   5,   5,   5,   5,   5,   5,   5,   6,   6,   6,   5,   5,   5,   5,   5,   5,   5,   5,   5,   5,  90,  90,  90,   0,   0,   0,   0,   0,   0, ; 8
    0,   0,   0,   0,   0,   0,   0,   0,  90,  90,  90,  80,  80,   5,   5,   5,   5,   5,   5,   5,   5,   5,   5,   6,   6,   6,   5,   5,   5,   5,   5,   5,   5,   5,   5,   5,   5,  90,  90,  90,   0,   0,   0,   0,   0, ; 9
    0,   0,   0,   0,   0,   0,   0,  90,  90,  90,  90,  80,  80,   5,   5,   5,   5,   5,   5,   5,   5,   5,   5,   5,  80,  80,  80,  80,   5,   5,   5,   5,   5,   5,   5,   5,   5,   5,  90,  90,  90,   0,   0,   0,   0, ;10
    0,   0,   0,   0,   0,   0,  90,  90,  90,  90,  90,  80,  80,  80,  80,   5,   5,   5,   5,   5,   5,   5,   5,   5,   5,  80,  80,  80,  80,  80,   5,   5,   5,   5,   5,   5,   5,   5,   5,  90,  90,  90,   0,   0,   0, ;11
    0,   0,   0,   0,   0,  90,  90,   5,   5,   5,   5,  80,  80,  80,  80,   5,   5,   5,   5,   5,   5,   5,   5,   5,   5,   5,   5,   5,  80,  80,  80,  80,   5,   5,   5,   5,   5,   5,   5,  90,  90,  90,  90,   0,   0, ;12
    0,   0,   0,   0,  90,  90,  90,   5,   5,   5,   5,   5,   5,  80,  80,  80,   5,   5,   5,   5,   5,   5,   5,   5,   5,   6,   6,   5,   5,   5,  80,  80,   5,   5,   5,   5,   5,   5,   5,  90,  90,  90,  90,  90,   0, ;13
    0,   0,   0,  90,  90,  90,  90,   5,   5,   5,   5,   5,   5,   5,  80,  80,   5,   5,   5,   5,   5,   5,   5,   5,   5,   5,   6,   6,   5,   5,   6,  80,  80,   5,   5,   5,   5,   5,   5,   5,   5,   5,   5,   5,   5, ;14
    0,   0,  90,   5,   5,   5,   5,   5,   5,   5,   5,   5,   5,   5,  80,  80,  80,   5,   5,   5,   5,   5,   5,   5,   5,   5,   6,   6,   5,   6,   6,   6,   5,   5,   5,   5,   5,   5,   5,   5,   5,   5,   5,   5,   5, ;15
    0,  90,  90,   5,   5,   5,   5,   5,   5,   5,   5,   5,   5,   5,   5,  80,  80,  80,  80,   5,   5,   5,   5,   5,   5,   5,   6,   6,   5,   6,   6,   6,   5,   5,   5,   5,   5,   5,   5,   5,   5,   5,   5,   5,   5, ;16
   90,  90,  90,   5,   5,   5,   5,   5,   6,   6,   5,   5,   6,   6,   5,   5,  80,  80,  80,   5,   5,   5,   5,   5,   5,   5,   6,   6,   5,   5,   6,   6,   5,   5,   5,   5,   5,   5,   5,   5,   5,   5,   5,   5,   5, ;17
   90,   5,   5,   5,   5,   5,   5,   5,   5,   6,   5,   5,   6,   6,   6,3105,   5,   5,   5,   5,   5,   5,   5,   5,   5,   6,   6,   6,   5,   5,   6,   6,   6,   6,   5,   5,   5,   5,   5,   5,   5,   5,   5,   5,   5, ;18
    5,   5,   5,   5,   5,   5,   5,   5,   5,   6,   5,   5,   5,   6,   6,   6,   5,   5,   5,   5,   5,   5,   5,   5,   5,   6,   6,   5,   5,   5,   6,   6,   6,   6,   5,   5,   5,   5,   5,   5,  90,  90,  90,  90,  90, ;19
    5,   5,   5,   5,   5,   5,   5,   5,   5,   6,   5,   5,   5,   6,   6,   6,   5,   5,   5,   5,   5,   5,   5,   5,   5,   6,   6,   6,   6,   6,   5,   5,   5,   5,   5,   5,   5,   5,   5,   5,  90,  90,  90,  90,   0, ;20
    5,   5,   5,   5,   5,   6,   5,   6,   6,   6,   5,   5,   5,   5,   6,   6,  80,  80,  80,   5,   5,   5,   5,   5,   5,   6,   6,   6,   6,   6,   5,   5,   5,   5,   5,   5,   5,   5,   5,  90,  90,  90,  90,   0,   0, ;21
    0,   5,   5,   5,   6,   6,   6,   6,   6,   6,   5,   5,   5,   5,   5,  80,  80,  80,  80,   5,   5,   5,   5,   5,   5,   6,   6,   6,  80,   5,   5,   5,   5,   5,   5,   5,   5,   5,   5,  90,  90,  90,   0,   0,   0, ;22
    0,   0,   5,   5,   5,   6,   6,   6,   6,   6,   5,   5,   5,   5,   5,  80,  80,   5,   5,   5,   5,   5,   5,   5,   5,   5,   6,   6,  80,   5,   5,   5,   5,   5,   5,   5,   5,   5,   5,  90,  90,   0,   0,   0,   0, ;23
    0,   0,   0,   5,   5,   5,   5,   5,   5,   5,   5,   5,   5,   5,   5,  80,  80,   5,   5,   5,   5,   5,   5,   5,   5,   5,   5,   5,  80,   5,   5,   5,   5,   5,   5,   5,   5,   5,  90,  90,   0,   0,   0,   0,   0, ;24
    0,   0,   0,   0,   5,   5,   5,   5,   5,   5,   5,   5,   5,   5,   5,  80,  80,   5,   5,   5,   5,   5,   5,   5,   5,   5,   5,   5,  80,   5,   5,   5,   5,   5,   5,   5,   5,   5,  90,   0,   0,   0,   0,   0,   0, ;25
    0,   0,   0,   0,   0,   5,   5,   5,   5,   5,   5,   5,   5,   5,   5,  80,  80,   5,   5,   5,   5,   5,   5,   5,   5,  80,  80,  80,  80,   5,   5,   5,   5,   5,   5,   5,   5,   5,   0,   0,   0,   0,   0,   0,   0, ;26
    0,   0,   0,   0,   0,   0,   5,   5,   5,   5,   5,   5,  80,  80,  80,  80,  80,   5,   5,   5,   5,   5,   5,   5,   5,  80,   5,   5,   5,   5,   5,   5,   5,   5,   5,   5,  90,   0,   0,   0,   0,   0,   0,   0,   0, ;27
    0,   0,   0,   0,   0,   0,   0,   5,   5,   5,   5,  80,  80,  80,  80,  80,  80,   5,   5,   5,   5,   5,   5,   5,   5,  80,   5,   5,   5,   5,   5,   5,   5,   5,   5,  90,   0,   0,   0,   0,   0,   0,   0,   0,   0, ;28
    0,   0,   0,   0,   0,   0,   0,   0,  90,  80,  80,  80,  80,   5,   5,   5,   5,   5,   5,   5,   5,   5,   5,  80,  80,  80,   5,   5,   5,   5,   5,   5,   5,   5,  90,   0,   0,   0,   0,   0,   0,   0,   0,   0,   0, ;29
    0,   0,   0,   0,   0,   0,   0,   0,   0,  80,  80,  80,   5,   5,   5,   5,   5,   5,   5,   5,   5,   5,   5,   5,   5,   5,   5,   5,   5,   5,   5,   5,   5,  90,   0,   0,   0,   0,   0,   0,   0,   0,   0,   0,   0, ;30
    0,   0,   0,   0,   0,   0,   0,   0,   0,   0,   5,   5,   5,   5,   5,   5,   5,   5,   5,   5,   5,   5,   5,   5,   5,   5,   5,   5,   5,   5,   5,   5,  90,   0,   0,   0,   0,   0,   0,   0,   0,   0,   0,   0,   0, ;31
    0,   0,   0,   0,   0,   0,   0,   0,   0,   0,   0,  90,   5,   5,   5,   5,   5,   5,   5,   5,   5,   5,   5,   5,   5,   5,   5,   5,   5,   5,   5,   5,   0,   0,   0,   0,   0,   0,   0,   0,   0,   0,   0,   0,   0, ;32
    0,   0,   0,   0,   0,   0,   0,   0,   0,   0,   0,   0,  90,  90,   5,   5,   5,   5,  90,  90,  90,  90,  90,  90,   5,   5,   5,   5,   5,  90,  90,   0,   0,   0,   0,   0,   0,   0,   0,   0,   0,   0,   0,   0,   0, ;33
;
BG_MAX(912, 464) ; ÇaÇfÇÃç≈ëÂÉTÉCÉY  (57*16, 29)
BG_ROUT(80, 80) ; É}ÉbÉvç∂è„å¥ì_ÇÃÇaÇfè„ÇÃÉhÉbÉgà íu(5*16, 5*16)
BG_CHG(0,19) ;     BG_ROUTÇÃç¿ïWÅiè»ó™éûÇÕÇOÅAÇOÅj
SPR_CHG(384,392)  ; ÉXÉvÉâÉCÉgÇÃïœä∑ç¿ïWÅiè»ó™éûÇÕÇOÅAÇWÅj
;
;ínå`ñº
;GND(21,"ä‚î’")           ; ínå`ñºÇP(ÇlÇ`ÇwÇUï∂éö)
;GND(14,"éºÇ¡ÇΩä‚î’")     ; ínå`ñºÇP(ÇlÇ`ÇwÇUï∂éö)
GND(05,"@[MS12-gnd-0]")           ; ínå`ñºÇP(ÇlÇ`ÇwÇUï∂éö)
GND(06,"@[MS12-gnd-1]")     ; ínå`ñºÇP(ÇlÇ`ÇwÇUï∂éö)
