;ＭＳ７８（５３）マップ
(7,11) ; マップの全体サイズ(Ｘ:0-6, Ｙ:0-10)
;-< 0>-< 1>-< 2>-< 3>-< 4>-< 5>-< 6>
   90,  90,  90,   1,   1,   1,   1, ; 0
   90,  90,  90,  80,  80,  80,  80, ; 1
   90,  90,  90,   1,   1,   1,   1, ; 2
   90,  90,  90,  80,  80,  80,  80, ; 3
   90,  90,  90,   1,   1,   1,   1, ; 4
   90,  90,  90,  80,  80,  80,  80, ; 5
   90,  90,  90,   1,   1,   1,   1, ; 6
    1,  80,   1,  90,  90,  90,  90, ; 7
    1,  80,   1,  90,  90,  90,  90, ; 8
    1,  80,   1,  90,  90,  90,  90, ; 9
    1,  80,   1,  90,  90,  90,  90, ;10
;
BG_MAX(320, 224) ; ＢＧの最大サイズ  (20*16, 14*16)
BG_ROUT(80,112) ; マップ左上原点のＢＧ上のドット位置(5*16, 7*16)
BG_CHG(0,7)       ; BG_ROUTの座標（省略時は０、０）
SPR_CHG(384,392)  ; スプライトの変換座標（省略時は０、８）
;
;地形名
GND(01,"@[MS78-gnd-0]")           ; 地形名１(ＭＡＸ６文字)
