;ÇlÇrÇUÇSÉ}ÉbÉv
(27,26) ; É}ÉbÉvÇÃëSëÃÉTÉCÉY(Çw: 0Å`26, Çx: 0Å`25)
;-< 0>-< 1>-< 2>-< 3>-< 4>-< 5>-< 6>-< 7>-< 8>-< 9>-<10>-<11>-<12>-<13>-<14>-<15>-<16>-<17>-<18>-<19>-<20>-<21>-<22>-<23>-<24>-<25>-<26>
    0,   0,   0,   0,   0,   0,   0,   0,   0,   1,   1,   1,   1,   1,   1,   1,   1,   1,   0,   0,   0,   0,   0,   0,   0,   0,   0, ; 0
    0,   0,   0,   0,   0,   0,   0,   0,  90,   1,   1,   1,   1,   1,   1,   1,  45,   1,   0,   0,   0,   0,   0,   0,   0,   0,   0, ; 1
   45,   1,   1,   1,  90,  90,  90,  90,  90,   1,   1,   1,   1,   1,   1,   1,   1,   1,  90,   0,   0,   0,   0,   0,   0,   0,   0, ; 2
    1,   1,   1,   1,  90,  90,  90,  90,  90,   1,   1,   1,   1,   1,   1,   1,   1,   1,  90,  90,   0,   0,   0,   0,   0,   0,   0, ; 3
    1,   1,   1,   1,  90,  90,  90,  90,  90,   1,   1,   1,   1,   1,   1,   1,   1,   1,  90,  90,  90,   0,   0,   0,   0,   0,   0, ; 4
    1,   1,   1,   1,  90,  90,  90,  90,  90,   1,   1,   1,   1,   1,   1,   1,   1,   1,  90,  90,  90,  90,   0,   0,   0,   0,   0, ; 5
    1,   1,   1,   1,  90,  90,  90,  90,  90,   1,   1,   1,   1,   1,   1,   1,   1,   1,  90,  90,  90,  90,  90,   0,   0,   0,   0, ; 6
    1,   1,   1,  45,  90,  90,  90,  90,  90,   1,   1,   1,   1,   1,   1,   1,   1,   1,  90,  90,  90,  90,  90,  90,   0,   0,   0, ; 7
   90,  90,  90,  90,  90,  90,  90,  90,  90,   1,   1,   1,   1,   1,   1,   1,   1,   1,  90,  90,  90,  90,  90,  90,  90,   0,   0, ; 8
   90,  90,  90,  90,  90,  90,  90,  90,  90,   1,   1,   1,   1,   1,   1,   1,   1,   1,  90,  90,  90,  90,  90,  90,  90,  90,   0, ; 9
   90,  90,  90,  90,  90,  90,  90,  90,  90,   1,   1,   1,   1,   1,   1,   1,   1,   1,  90,  90,  90,  90,  90,  45,   1,   1,   1, ;10
   90,  90,  90,  90,  90,  90,  90,  90,  90,  90,  90,  90,   1,   1,   1,  90,  90,  90,  90,  90,  90,  90,  90,   1,   1,   1,   1, ;11
   90,  90,  90,  90,  90,  90,  90,  90,  90,  90,  90,  90,  90,  90,   1,  90,  90,  90,  90,  90,  90,  90,  90,   1,   1,   1,   1, ;12
   45,   1,   1,   1,  90,  90,  90,  90,  90,  90,  90,  90,  90,  90,   1,   1,  90,  90,  90,  90,  90,  90,  90,   1,   1,   1,   1, ;13
    1,   1,   1,   1,  90,  90,  90,  90,  90,  90,  90,  90,  90,  90,   1,   1,  90,  90,  90,  90,  90,  90,  90,   1,   1,   1,   1, ;14
    1,   1,   1,   1,  90,  90,  90,  90,  90,  90,  90,  90,  90,  90,   1,   1,  90,  90,  90,  90,  90,  90,  90,   1,   1,   1,  45, ;15
    1,   1,   1,   1,  90,  90,  90,  90,  90,   1,   1,   1,   1,   1,   1,   1,   1,   1,  90,  90,  90,  90,  90,  90,  90,  90,   0, ;16
    1,   1,   1,   1,   1,   1,   1,   1,   1,   1,   1,   1,   1,   1,   1,   1,   1,   1,  90,  90,  90,  90,  90,  90,  90,   0,   0, ;17
    1,   1,   1,   1,   1,   1,   1,   1,   1,   1,   1,   1,   1,   1,   1,   1,   1,   1,  90,  90,  90,  90,  90,  90,   0,   0,   0, ;18
    0,   0,   0,  90,  90,  90,  90,  90,  90,   1,   1,   1,   1,   1,   1,   1,   1,   1,  90,  90,  90,  90,  90,   0,   0,   0,   0, ;19
    0,   0,   0,   0,  90,  90,  90,  90,  90,   1,   1,   1,   1,   1,   1,   1,   1,   1,  90,  90,  90,  90,   0,   0,   0,   0,   0, ;20
    0,   0,   0,   0,   0,  90,  90,  90,  90,   1,   1,   1,   1,   1,   1,   1,   1,   1,  90,  90,  90,   0,   0,   0,   0,   0,   0, ;21
    0,   0,   0,   0,   0,   0,  90,  90,  90,   1,   1,   1,   1,   1,   1,   1,   1,   1,  90,  90,   0,   0,   0,   0,   0,   0,   0, ;22
    0,   0,   0,   0,   0,   0,   0,  90,  90,   1,   1,   1,   1,   1,   1,   1,   1,   1,  90,   0,   0,   0,   0,   0,   0,   0,   0, ;23
    0,   0,   0,   0,   0,   0,   0,   0,  90,   1,   1,   1,   1,   1,   1,   1,   1,   1,   0,   0,   0,   0,   0,   0,   0,   0,   0, ;24
    0,   0,   0,   0,   0,   0,   0,   0,   0,   1,   1,   1,   1,   1,   1,   1,   1,   1,   0,   0,   0,   0,   0,   0,   0,   0,   0, ;25
;
BG_MAX(640, 448) ; ÇaÇfÇÃç≈ëÂÉTÉCÉY  (49*16, 28*16)
BG_ROUT(304, 96) ; É}ÉbÉvç∂è„å¥ì_ÇÃÇaÇfè„ÇÃÉhÉbÉgà íu(19*16, 6*16)
BG_CHG(0,2)      ; BG_ROUTÇÃç¿ïWÅiè»ó™éûÇÕÇOÅAÇOÅj
SPR_CHG(384,392) ; ÉXÉvÉâÉCÉgÇÃïœä∑ç¿ïWÅiè»ó™éûÇÕÇOÅAÇWÅj
;
;ínå`ñº
;GND(27,"ì¡éÍçáã‡ÇÃè∞")           ; ínå`ñºÇP(ÇlÇ`ÇwÇUï∂éö)
;GND(18,"ì]ëóÉXÉCÉbÉ`")       ; ínå`ñºÇP(ÇlÇ`ÇwÇUï∂éö)
GND(01,"ì¡éÍçáã‡ÇÃè∞")           ; ínå`ñºÇP(ÇlÇ`ÇwÇUï∂éö)
GND(45,"ì]ëóÉXÉCÉbÉ`")       ; ínå`ñºÇP(ÇlÇ`ÇwÇUï∂éö)
