;ÇlÇrÇPÇPÉ}ÉbÉv
(33,19) ; É}ÉbÉvÇÃëSëÃÉTÉCÉY(Çw:0-32, Çx:0-18)
;-< 0>-< 1>-< 2>-< 3>-< 4>-< 5>-< 6>-< 7>-< 8>-< 9>-<10>-<11>-<12>-<13>-<14>-<15>-<16>-<17>-<18>-<19>-<20>-<21>-<22>-<23>-<24>-<25>-<26>-<27>-<28>-<29>-<30>-<31>-<32>
    1,  90,  90,  90,   1,   1,   1,   1,   1,  90,2901,   1,   1,   1,   1,   1,   1,  90,   1,   1,   1,   1,   1,   1,   1,   1,   1,  90,  90,   1,   1,   1,   1, ; 0
    1,   1,  42,   1,   1,   1,   1,   1,   1,   1,   1,   1,   1,   1,   1,   1,   1,   1,   1,   1,   1,   1,   1,   1,   1,   1,   1,   1,   1,   1,   1,   1,   1, ; 1
    1,   1,   1,   1,   1,   1,   1,   1,   1,   1,   1,   1,   1,   1,   1,   1,   1,   1,   1,   1,  91,  91,   1,   1,   1,   1,   1,   1,   1,   1,   1,   1,   1, ; 2
    1,   1,   1,   1,   1,   1,   1,   1,  91,  91,   1,   1,   1,   1,   1,   1,   1,   1,   1,   1,  91,  91,   1,   1,   1,   1,   1,   1,   1,   1,   1,   1,   1, ; 3
    1,   1,   1,   1,   1,   1,   1,   1,  91,  91,   1,   1,   1,   1,   1,   1,   1,   1,   1,   1,   1,   1,   1,   1,   1,   1,   1,   1,   1,   1,   1,   1,   1, ; 4
    1,   1,  91,  91,   1,   1,   1,   1,   1,   1,   1,   1,   1,   1,   1,   1,   1,   1,   1,   1,   1,   1,   1,   1,   1,   1,   1,   1,   1,   1,   1,   1,   1, ; 5
    1,   1,  91,   1,   1,   1,   1,   1,   1,   1,   1,   1,   1,   1,   1,   1,   1,   1,   1,   1,   1,   1,   1,   1,   1,   1,   1,   1,   1,   1,   1,   1,   1, ; 6
    1,   1,   1,   1,   1,   1,   1,   1,   1,   1,   1,   1,   1,   1,   1,   1,   1,   1,   1,   1,   1,   1,   1,   1,   1,   1,   1,   1,   1,   1,   1,   1,   1, ; 7
    1,   1,   1,   1,   1,   1,   1,   1,   1,   1,   1,   1,   1,   1,   1,   1,   1,  91,  91,   1,   1,   1,   1,   1,   1,   1,   1,   1,   1,   1,   1,   1,   1, ; 8
   90,   1,   1,   1,   1,   1,   1,   1,  90,  90,   1,   1,   1,   1,   1,   1,   1,  91,  91,   1,   1,   1,   1,   1,   1,   1,   1,   1,   1,   1,   1,   1,   1, ; 9
   90,  90,   1,   1,   1,   1,   1,   1,  90,  90,   1,   1,   1,   1,   1,   1,   1,   1,   1,   1,   1,   1,   1,   1,   1,   1,   1,   1,   1,   1,   1,   1,   1, ;10
   90,  90,   1,   1,   1,   1,   1,   1,   1,   1,   1,   1,   1,   1,   1,   1,   1,   1,   1,   1,   1,   1,   1,   1,   1,   1,   1,   1,   1,   1,   1,   1,   1, ;11
   90,   1,   1,   1,   1,   1,   1,   1,   1,   1,  90,  90,  90,  90,  90,  90,  90,  90,  90,  90,  90,  90,  90,  90,  90,  90,  90,   1,   1,   1,   1,   1,   1, ;12
    1,   1,   1,   1,   1,   1,   1,   1,   1,   1,  90,  90,  90,  90,  90,  90,  90,  90,  90,  90,  90,  90,  90,  90,  90,  90,  90,   1,   1,   1,   1,   1,   1, ;13
    1,   1,   1,   1,   1,   1,   1,   1,   1,   1,   1,   1,   1,   1,   1,   1,   1,   1,   1,   1,   1,   1,   1,   1,   1,   1,   1,   1,   1,   1,   1,   1,   1, ;14
    1,   1,   1,   1,   1,  91,  91,   1,   1,   1,   1,   1,   1,   1,   1,   1,   1,   1,   1,   1,   1,   1,   1,   1,   1,   1,   1,   1,   1,   1,   1,   1,   1, ;15
    1,   1,   1,   1,   1,   1,   1,   1,   1,   1,   1,   1,   1,   1,   1,   1,   1,   1,   1,   1,   1,   1,   1,   1,   1,   1,   1,   1,   1,   1,   1,   1,   1, ;16
   90,   1,   1,   1,   1,   1,   1,   1,   1,   1,   1,   1,   1,   1,   1,   1,   1,   1,   1,   1,   1,   1,   1,   1,   1,   1,   1,   1,   1,   1,   1,   1,  90, ;17
   90,  90,   1,   1,   1,   1,   1,   1,   1,   1,   1,  90,   1,   1,   1,   1,   1,   1,   1,   1,   1,  90,  90,  90,   1,   1,   1,   1,   1,   1,  90,  90,  90, ;18
;
BG_MAX(912, 560) ; ÇaÇfÇÃç≈ëÂÉTÉCÉY  (57*16, 35*16)
BG_ROUT(336,112) ; É}ÉbÉvç∂è„å¥ì_ÇÃÇaÇfè„ÇÃÉhÉbÉgà íu(21*16, 7*16)
BG_CHG(0,0)       ; BG_ROUTÇÃç¿ïWÅiè»ó™éûÇÕÇOÅAÇOÅj
SPR_CHG(384,392)  ; ÉXÉvÉâÉCÉgÇÃïœä∑ç¿ïWÅiè»ó™éûÇÕÇOÅAÇWÅj
;

;ínå`ñº
;GND(19,"ÉWÉÅÉWÉÅÇÃè∞")           ; ínå`ñºÇP(ÇlÇ`ÇwÇUï∂éö)
;GND(16,"ÉXÉCÉbÉ`ÇÃè∞")               ; ínå`ñºÇP(ÇlÇ`ÇwÇUï∂éö)
GND(01,"@[MS11-gnd-0]")           ; ínå`ñºÇP(ÇlÇ`ÇwÇUï∂éö)
GND(42,"@[MS11-gnd-1]")               ; ínå`ñºÇP(ÇlÇ`ÇwÇUï∂éö)
