;ＭＳ５９・６６兼用マップ
(6,16) ; マップの全体サイズ(Ｘ:0-5, Ｙ:0-15)
;-< 0>-< 1>-< 2>-< 3>-< 4>-< 5>
    0,   0,   1,   1,   0,   0, ; 0
    0,   0,   1,   1,   0,   0, ; 1
    0,   0,   1,   1,   0,   0, ; 2
    0,   0,   1,   1,   0,   0, ; 3
    0,   0,   1,   1,   0,   0, ; 4
    0,   1,   1,   1,   1,   0, ; 5
    1,   1,   1,   1,   1,   1, ; 6
    1,   1,   1,   1,   1,   1, ; 7
    1,   1,   1,   1,   1,   1, ; 8
    1,   1,   1,   1,   1,   1, ; 9
    0,   1,   1,   1,   1,   0, ;10
    0,   0,   1,   1,   0,   0, ;11
    0,   0,   1,   1,   0,   0, ;12
    0,   0,   1,   1,   0,   0, ;13
    0,   0,   1,   1,   0,   0, ;14
    0,   0,   1,   1,   0,   0, ;15
;
BG_MAX(320, 224) ; ＢＧの最大サイズ  (20*16, 14*16)
BG_ROUT(272,32) ; マップ左上原点のＢＧ上のドット位置(17*16, 2*16)
BG_CHG(2,0)       ; BG_ROUTの座標（省略時は０、０）
SPR_CHG(0,8)     ; スプライトの変換座標（省略時は０、８）
;SPR_CHG(384,392)  ; スプライトの変換座標（省略時は０、８）
;
;地形名
;GND(27,"特殊合金の床")           ; 地形名１(ＭＡＸ６文字)
GND(01,"@[MS66-gnd-0]")           ; 地形名１(ＭＡＸ６文字)
